Input parameter values:
               datapath = ../data/barrier-schemeX-nIndiv300-nSites3000
               mcmcpath = ../data/barrier-schemeX-nIndiv300-nSites3000-EEMS-nDemes153-simno1
               prevpath = 
                 nIndiv = 300
                 nSites = 3000
                 nDemes = 153
                   seed = 1422382009
            numMCMCIter = 2000000
            numBurnIter = 200000
            numThinIter = 19999
              negBiSize = 10
              negBiProb = 0.670000
             qVoronoiPr = 0.050000
             mrateShape = 0.001000
             qrateShape = 0.001000
             sigmaShape = 0.001000
             qrateScale = 1.000000
             mrateScale = 1.000000
             sigmaScale = 1.000000
       mSeedsProposalS2 = 0.100000
       qSeedsProposalS2 = 0.100000
       mEffctProposalS2 = 0.100000
       qEffctProposalS2 = 0.001000
      mrateMuProposalS2 = 0.001000

Acceptance proportions:
	(24991/100149) = 24.95% for type 0 (qEffcts)
	(13192/99742) = 13.23% for type 1 (qVoronoi)
	(9292/99743) = 9.32% for type 2 (qBirthDeath)
	(554948/1899851) = 29.21% for type 3 (mEffcts)
	(528282/2000000) = 26.41% for type 4 (mrateMu)
	(152114/1900258) = 8.00% for type 5 (mVoronoi)
	(151919/1900257) = 7.99% for type 6 (mBirthDeath)

Final log prior: 53.36
Final log llike: 187377.22
