Input parameter values:
               datapath = ../data/barrier-schemeX-nIndiv300-nSites3000
               mcmcpath = ../data/barrier-schemeX-nIndiv300-nSites3000-EEMS-nDemes153-simno1
               prevpath = 
                 nIndiv = 300
                 nSites = 3000
                 nDemes = 153
                   seed = 1422382009
            numMCMCIter = 2000000
            numBurnIter = 200000
            numThinIter = 19999
              negBiSize = 10
              negBiProb = 0.670000
             qVoronoiPr = 0.050000
             mrateShape = 0.001000
             qrateShape = 0.001000
             sigmaShape = 0.001000
             qrateScale = 1.000000
             mrateScale = 1.000000
             sigmaScale = 1.000000
       mSeedsProposalS2 = 0.100000
       qSeedsProposalS2 = 0.100000
       mEffctProposalS2 = 0.100000
       qEffctProposalS2 = 0.001000
      mrateMuProposalS2 = 0.001000

Acceptance proportions:
	(23843/96107) = 24.81% for type 0 (qEffcts)
	(12628/95802) = 13.18% for type 1 (qVoronoi)
	(8875/95820) = 9.26% for type 2 (qBirthDeath)
	(535489/1823893) = 29.36% for type 3 (mEffcts)
	(508354/1920000) = 26.48% for type 4 (mrateMu)
	(147503/1824198) = 8.09% for type 5 (mVoronoi)
	(147503/1824180) = 8.09% for type 6 (mBirthDeath)

Final log prior: 56.35
Final log llike: 187385.46
