0.135267 0.139277 0.141718 0.146473  0.18168  0.18316 0.182989 0.185169 0.140021 0.144797 0.147736 0.183313  0.18133 0.181898 0.183148 0.184737 0.144948 0.144488 0.147476 0.149142 0.164237 0.180127 0.183145 0.183176 0.182273 0.182639 0.144792 0.147704 0.148498 0.150807 0.177081 0.184274 0.183698 0.182457  0.18067 0.146676 0.147476 0.149387 0.148869 0.174509 0.180575 0.183084  0.18341 0.181081 0.149449 0.150612 0.149273 0.152843 0.158895 0.184545 0.183207 0.184521 0.181351 0.151192 0.150415 0.150093 0.151013 0.185162 0.184892 0.183285 0.183833  0.18243 0.151312 0.149829 0.150869 0.154227 0.159406 0.183573 0.184466 0.183759 0.184574
0.139277 0.136516 0.139379 0.144235 0.179601 0.181095 0.180924 0.183104 0.138854 0.142503 0.145521 0.181245 0.179264 0.179833 0.181084 0.182672 0.143309 0.142682 0.145375 0.147021 0.162142 0.178056 0.181079 0.181111 0.180208 0.180575 0.142941 0.145746 0.146459 0.148738 0.175013 0.182209 0.181634 0.180393 0.178606 0.144782 0.145534  0.14741 0.146852 0.172451 0.178516 0.181021 0.181347 0.179018 0.147498 0.148645  0.14729 0.150843 0.156879 0.182482 0.181144 0.182458 0.179288 0.149233 0.148449 0.148118 0.149022 0.183109 0.182831 0.181222  0.18177 0.180367 0.149347 0.147857 0.148889 0.152236 0.157405 0.181512 0.182403 0.181696 0.182511
0.141718 0.139379   0.1325 0.139596 0.177105 0.178742 0.178576 0.180759 0.140459 0.140311 0.141758 0.178873 0.176909 0.177484 0.178739 0.180329 0.143387 0.142404 0.143258  0.14428 0.159477 0.175634 0.178724 0.178763 0.177864 0.178234  0.14222  0.14447  0.14459 0.146471 0.172633 0.179866 0.179295 0.178057  0.17627  0.14384 0.144319 0.145971 0.145095 0.170182 0.176234 0.178689 0.179016 0.176686 0.146211 0.147253 0.145785 0.149177 0.155058 0.180159 0.178817 0.180129 0.176958 0.147892 0.147059 0.146657 0.147441 0.180879 0.180525 0.178899 0.179445  0.17804 0.147959 0.146421 0.147394  0.15064 0.155717   0.1792  0.18008 0.179371 0.180185
0.146473 0.144235 0.139596 0.132207 0.177457 0.179427 0.179274 0.181463 0.144936 0.144769 0.143044 0.179512 0.177589 0.178178 0.179444 0.181035 0.147029 0.145935 0.145711 0.145258 0.159517  0.17617 0.179405  0.17946 0.178568 0.178948  0.14538 0.147221 0.146755  0.14783 0.173277 0.180575 0.180013  0.17878 0.176992 0.146832 0.147074 0.148497 0.147225 0.171088 0.177084 0.179422 0.179751 0.177417 0.148861 0.149793 0.148191 0.151336 0.156908 0.180912 0.179559 0.180869 0.177694 0.150477 0.149591 0.149103 0.149718 0.181835 0.181313 0.179651 0.180192 0.178784  0.15049 0.148894 0.149792 0.152885 0.157788 0.179978 0.180832 0.180118 0.180929
 0.18168 0.179601 0.177105 0.177457 0.106594 0.154315 0.155085 0.157672 0.179735 0.180492 0.179848 0.151436 0.152263 0.153821 0.155741 0.157472  0.18055 0.179384 0.179481 0.178753 0.166473 0.153173 0.154781 0.155428 0.154909 0.155826 0.178084 0.179229 0.178881 0.178752  0.16062 0.157629 0.157275 0.156272 0.154448 0.179115 0.178641 0.179414 0.177602 0.169324 0.163287 0.157698    0.158 0.155442 0.179751 0.180235 0.178013 0.178943 0.178465 0.160211 0.158239  0.15936 0.155979 0.180981 0.179816 0.178839 0.177869 0.170185 0.162154 0.158792 0.159036 0.157449 0.180681 0.178719 0.179051 0.180074 0.181218 0.160278 0.159936 0.158969 0.159654
 0.18316 0.181095 0.178742 0.179427 0.154315 0.131509 0.136155 0.139626 0.181181 0.182036  0.18157 0.141498 0.135501 0.135469 0.137865 0.139796 0.181886 0.180718 0.180939 0.180428 0.170632 0.153364 0.140845 0.138994 0.137694 0.138809 0.179348 0.180437  0.18021 0.180198 0.158122 0.142873 0.141502 0.140124 0.138214 0.180332 0.179774 0.180481 0.178709 0.166151 0.153653  0.14281 0.142792   0.1399  0.18078 0.181207 0.178906 0.179502 0.177906 0.145868 0.143361 0.144248 0.140651 0.181953 0.180747 0.179697  0.17845 0.159439 0.148308 0.144144 0.144178  0.14244 0.181605 0.179586 0.179823 0.180433 0.180727 0.146156 0.145228 0.144096 0.144685
0.182989 0.180924 0.178576 0.179274 0.155085 0.136155 0.131469 0.136556 0.181009 0.181867 0.181408 0.142565 0.136589 0.134817  0.13503 0.137084 0.181709 0.180541 0.180767 0.180265 0.170612 0.153586 0.141064 0.138619 0.136304 0.136583 0.179168 0.180255 0.180034 0.180028  0.15804 0.142297 0.140467 0.138443  0.13645  0.18015 0.179589 0.180293 0.178523 0.165894 0.153025 0.141732  0.14154 0.138484 0.180591 0.181015 0.178711 0.179294 0.177652 0.144788 0.142172 0.142974 0.139294 0.181761 0.180554   0.1795 0.178241 0.158592 0.147225 0.142977 0.142963  0.14118 0.181411 0.179389 0.179623 0.180213 0.180467 0.145042 0.144039  0.14287 0.143434
0.185169 0.183104 0.180759 0.181463 0.157672 0.139626 0.136556 0.131362 0.183188 0.184048 0.183593 0.145329 0.139467 0.137716 0.134871 0.135821 0.183887 0.182719 0.182947 0.182449 0.172867 0.155978 0.143593 0.141065 0.138321 0.136972 0.181344  0.18243 0.182211 0.182208 0.160285 0.144443 0.142373  0.13962 0.137465 0.182326 0.181763 0.182465 0.180697 0.168045 0.154996 0.143497 0.143141 0.139916 0.182762 0.183185  0.18088 0.181457 0.179792 0.146516 0.143819 0.144541 0.140779 0.183931 0.182723 0.181668 0.180403 0.160431 0.148937 0.144636 0.144581 0.142757  0.18358 0.181558 0.181789  0.18237 0.182604 0.146734 0.145678 0.144478 0.145018
0.140021 0.138854 0.140459 0.144936 0.179735 0.181181 0.181009 0.183188 0.135682 0.143436 0.146145 0.181339 0.179351 0.179918 0.181167 0.182755 0.141867 0.141832 0.145585 0.147306 0.162337 0.178165 0.181166 0.181196 0.180292 0.180657 0.142256 0.145443 0.146446 0.148837  0.17511 0.182292 0.181715 0.180474 0.178687 0.144251 0.145174 0.147174 0.146761 0.172511 0.178579   0.1811 0.181426 0.179097  0.14717 0.148374 0.147076 0.150695 0.156786 0.182559 0.181222 0.182536 0.179367 0.148932 0.148173 0.147878 0.148837 0.183153 0.182902 0.181298 0.181848 0.180445  0.14907 0.147605 0.148665 0.152054 0.157258 0.181584  0.18248 0.181773 0.182589
0.144797 0.142503 0.140311 0.144769 0.180492 0.182036 0.181867 0.184048 0.143436 0.140124 0.145658 0.182179 0.180204 0.180776 0.182028 0.183617 0.146171 0.145116 0.145796 0.147601 0.162958 0.178971 0.182019 0.182054 0.181152  0.18152 0.144928  0.14717 0.147418 0.149596 0.175941 0.183154  0.18258 0.181341 0.179554 0.146548 0.147046 0.148734 0.147964 0.173416 0.179482  0.18197 0.182296 0.179967 0.148966 0.150027 0.148587 0.152049  0.15802 0.183434 0.182094 0.183408 0.180237  0.15066 0.149839 0.149454 0.150281 0.184096 0.183789 0.182174 0.182722 0.181318 0.150739 0.149213 0.150204 0.153491 0.158617 0.182468 0.183355 0.182647 0.183462
0.147736 0.145521 0.141758 0.143044 0.179848  0.18157 0.181408 0.183593 0.146145 0.145658 0.140636 0.181688 0.179736 0.180315 0.181573 0.183163   0.1481 0.146973 0.146133 0.146159 0.162062 0.178416 0.181551 0.181594 0.180697 0.181071 0.146378 0.148171 0.147658  0.14911 0.175434 0.182701 0.182132 0.180896 0.179109 0.147819 0.148064 0.149504   0.1483  0.17305 0.179107 0.181531 0.181858 0.179527 0.149882 0.150827 0.149251 0.152494 0.158252 0.183007 0.181661 0.182973 0.179801 0.151512 0.150635 0.150166 0.150839 0.183789 0.183383 0.181747 0.182291 0.180885 0.151536 0.149953 0.150872 0.154029  0.15903 0.182056 0.182928 0.182217  0.18303
0.183313 0.181245 0.178873 0.179512 0.151436 0.141498 0.142565 0.145329 0.181339 0.182179 0.181688 0.131647 0.138778 0.141152  0.14344 0.145238 0.182059 0.180892 0.181094 0.180549  0.17021 0.151819 0.141979 0.142902 0.142611 0.143809 0.179531 0.180628 0.180382 0.180347 0.157923 0.145914 0.145471 0.144558 0.142713 0.180522 0.179977 0.180693 0.178911 0.166631 0.155566 0.146431 0.146663 0.143982 0.180999 0.181434 0.179145  0.17979  0.17836 0.149349 0.147085 0.148106 0.144628  0.18218 0.180981 0.179942 0.178739 0.162032 0.151714 0.147795 0.147922 0.146259  0.18184  0.17983 0.180082  0.18076 0.181204  0.14965 0.148914 0.147853 0.148487
 0.18133 0.179264 0.176909 0.177589 0.152263 0.135501 0.136589 0.139467 0.179351 0.180204 0.179736 0.138778 0.130934 0.134952 0.137608 0.139463 0.180058  0.17889 0.179109 0.178593 0.168727  0.15126 0.138175 0.137095 0.136809 0.138206 0.177521 0.178611 0.178382 0.178367 0.156175 0.141087 0.140144  0.13919 0.137326 0.178506  0.17795 0.178657 0.176884 0.164322 0.152012 0.141458  0.14157 0.138789 0.178957 0.179385 0.177086 0.177688 0.176111 0.144521 0.142092  0.14304 0.139498 0.180131 0.178926 0.177877 0.176636 0.157961  0.14697 0.142861 0.142928 0.141221 0.179784 0.177766 0.178005 0.178623 0.178938 0.144838 0.143961 0.142853  0.14346
0.181898 0.179833 0.177484 0.178178 0.153821 0.135469 0.134817 0.137716 0.179918 0.180776 0.180315 0.141152 0.134952 0.131827 0.135887  0.13782  0.18062 0.179452 0.179676 0.179172 0.169479 0.152359 0.139594 0.136974 0.135296 0.136794 0.178079 0.179167 0.178944 0.178936 0.156891 0.141062 0.139465 0.138105 0.136206 0.179062 0.178502 0.179206 0.177436 0.164807 0.152039 0.140882 0.140827 0.137916 0.179504 0.179929 0.177627 0.178213 0.176582 0.143971 0.141422 0.142293 0.138681 0.180675 0.179469 0.178416  0.17716 0.157709 0.146428  0.14222  0.14224 0.140492 0.180326 0.178305  0.17854 0.179135 0.179401 0.144259 0.143299 0.142157 0.142739
0.183148 0.181084 0.178739 0.179444 0.155741 0.137865  0.13503 0.134871 0.181167 0.182028 0.181573  0.14344 0.137608 0.135887 0.131355 0.134452 0.181865 0.180697 0.180926 0.180429 0.170863 0.154006 0.141659 0.139125 0.136316 0.134542 0.179322 0.180408  0.18019 0.180187  0.15828 0.142424   0.1403 0.137354 0.135172 0.180304 0.179741 0.180443 0.178675 0.166018 0.152929  0.14138 0.140986 0.137718 0.180739 0.181162 0.178857 0.179432 0.177762 0.144391 0.141674 0.142376 0.138593 0.181908   0.1807 0.179645 0.178378 0.158332 0.146808 0.142493 0.142429 0.140595 0.181557 0.179534 0.179765 0.180344 0.180574   0.1446  0.14353 0.142323 0.142857
0.184737 0.182672 0.180329 0.181035 0.157472 0.139796 0.137084 0.135821 0.182755 0.183617 0.183163 0.145238 0.139463  0.13782 0.134452 0.125129 0.183453 0.182285 0.182515 0.182019  0.17248 0.155676  0.14341 0.140906 0.138128 0.134719 0.180909 0.181995 0.181777 0.181776 0.159898 0.144049  0.14186 0.138427 0.136022  0.18189 0.181327 0.182028 0.180261 0.167599 0.154444  0.14282 0.142337 0.138949 0.182325 0.182747 0.180441 0.181014 0.179337 0.145807 0.143047 0.143694 0.139855 0.183493 0.182285 0.181229  0.17996 0.159786 0.148209 0.143868 0.143778 0.141917 0.183141 0.181118 0.181348 0.181924 0.182146 0.145991 0.144891 0.143664 0.144184
0.144948 0.143309 0.143387 0.147029  0.18055 0.181886 0.181709 0.183887 0.141867 0.146171   0.1481 0.182059 0.180058  0.18062 0.181865 0.183453 0.135894 0.141568 0.146658 0.148502   0.1633 0.178925 0.181873 0.181897  0.18099 0.181352 0.140752  0.14524 0.146965 0.149597 0.175839 0.182989 0.182409 0.181166 0.179379  0.14329 0.144761 0.147117 0.147067 0.173155 0.179229 0.181789 0.182114 0.179786 0.146832 0.148202 0.147061 0.150849 0.157067  0.18324 0.181907 0.183222 0.180054 0.148671 0.147985  0.14779 0.148893  0.18376  0.18357  0.18198 0.182531  0.18113 0.148877 0.147479 0.148617 0.152118 0.157406 0.182256 0.183161 0.182456 0.183273
0.144488 0.142682 0.142404 0.145935 0.179384 0.180718 0.180541 0.182719 0.141832 0.145116 0.146973 0.180892  0.17889 0.179452 0.180697 0.182285 0.141568 0.137092 0.145379 0.147302 0.162133 0.177756 0.180705 0.180729 0.179822 0.180184 0.140395 0.144031 0.145702 0.148388  0.17467 0.181821 0.181241 0.179998 0.178211  0.14254 0.143701 0.145943 0.145853 0.171983  0.17806  0.18062 0.180945 0.178618 0.145778 0.147088 0.145907 0.149676 0.155895 0.182072 0.180738 0.182054 0.178885 0.147595 0.146885 0.146661 0.147736 0.182592 0.182402 0.180811 0.181363 0.179961  0.14778 0.146363 0.147481 0.150963 0.156247 0.181088 0.181993 0.181288 0.182105
0.147476 0.145375 0.143258 0.145711 0.179481 0.180939 0.180767 0.182947 0.145585 0.145796 0.146133 0.181094 0.179109 0.179676 0.180926 0.182515 0.146658 0.145379 0.140745 0.145984 0.162003 0.177907 0.180923 0.180954 0.180051 0.180416 0.144441  0.14587  0.14529 0.148027 0.174845 0.182051 0.181475 0.180234 0.178447 0.145767 0.145916 0.147329 0.146332  0.17225 0.178343 0.180861 0.181187 0.178858 0.147791 0.148736 0.147195 0.150618 0.156648 0.182321 0.180983 0.182298 0.179128 0.149438 0.148569 0.148121 0.148888 0.182936 0.182668 0.181061  0.18161 0.180207 0.149473 0.147907 0.148855 0.152111 0.157253 0.181349 0.182242 0.181535 0.182351
0.149142 0.147021  0.14428 0.145258 0.178753 0.180428 0.180265 0.182449 0.147306 0.147601 0.146159 0.180549 0.178593 0.179172 0.180429 0.182019 0.148502 0.147302 0.145984 0.140569 0.160834 0.177273 0.180407 0.180451 0.179553 0.179926 0.146316 0.147676 0.146115 0.146589 0.174254 0.181555 0.180987 0.179751 0.177964 0.147581 0.147572 0.148746 0.146992 0.171828 0.177945 0.180385 0.180712 0.178381 0.149286 0.150109 0.148387 0.151433 0.157112  0.18186 0.180515 0.181827 0.178655  0.15085 0.149916  0.14936 0.149893 0.182641 0.182236   0.1806 0.181144 0.179739 0.150818 0.149177 0.150027 0.153084 0.158025 0.180909 0.181781  0.18107 0.181884
0.164237 0.162142 0.159477 0.159517 0.166473 0.170632 0.170612 0.172867 0.162337 0.162958 0.162062  0.17021 0.168727 0.169479 0.170863  0.17248   0.1633 0.162133 0.162003 0.160834 0.111837 0.164503 0.170486 0.170774 0.169981  0.17047 0.160934 0.162145 0.161534 0.160941 0.161778 0.171991  0.17157 0.170411 0.168619 0.162034 0.161694 0.162558 0.160572 0.164008 0.170173 0.171162 0.171522 0.169155 0.162989 0.163565  0.16147 0.162992 0.164768 0.172905 0.171431  0.17271 0.169493 0.164323 0.163227 0.162377 0.161926 0.176627 0.173803 0.171653  0.17212 0.170671 0.164105 0.162245  0.16275 0.164586 0.167471 0.172326 0.172831 0.172051 0.172832
0.180127 0.178056 0.175634  0.17617 0.153173 0.153364 0.153586 0.155978 0.178165 0.178971 0.178416 0.151819  0.15126 0.152359 0.154006 0.155676 0.178925 0.177756 0.177907 0.177273 0.164503  0.12408 0.152576  0.15362 0.153089 0.153837 0.176423 0.177538 0.177235 0.177119  0.14972 0.155002 0.154985 0.154016 0.152215 0.177432  0.17692 0.177658 0.175838 0.163352 0.158542 0.155004 0.155432 0.152991 0.177986 0.178444 0.176185 0.176959 0.176003 0.157338 0.155564  0.15677 0.153461 0.179193  0.17801 0.177002 0.175928 0.166906 0.159271 0.156065 0.156371 0.154832 0.178872 0.176887 0.177183 0.178071 0.178979 0.157462 0.157233 0.156312 0.157026
0.183145 0.181079 0.178724 0.179405 0.154781 0.140845 0.141064 0.143593 0.181166 0.182019 0.181551 0.141979 0.138175 0.139594 0.141659  0.14341 0.181873 0.180705 0.180923 0.180407 0.170486 0.152576 0.133383 0.140155 0.140536 0.141825 0.179336 0.180426 0.180196 0.180178 0.157547 0.142484 0.142949 0.142369 0.140552 0.180321 0.179765 0.180472 0.178697 0.165936 0.153799 0.143918  0.14429 0.141685 0.180773 0.181201 0.178902 0.179504  0.17793 0.146954 0.144702 0.145761 0.142316 0.181947 0.180743 0.179694 0.178455 0.160176 0.149436 0.145435 0.145568 0.143917   0.1816 0.179583 0.179823 0.180446 0.180775 0.147345 0.146564 0.145505 0.146145
0.183176 0.181111 0.178763  0.17946 0.155428 0.138994 0.138619 0.141065 0.181196 0.182054 0.181594 0.142902 0.137095 0.136974 0.139125 0.140906 0.181897 0.180729 0.180954 0.180451 0.170774  0.15362 0.140155 0.135317  0.13756 0.139396 0.179355 0.180443 0.180221 0.180213 0.158083 0.141276 0.140318 0.140069 0.138256 0.180338 0.179777 0.180481 0.178711 0.166016 0.153198 0.142034 0.142235 0.139542 0.180779 0.181204   0.1789 0.179484 0.177845 0.145215 0.142768 0.143747 0.140239 0.181949 0.180743 0.179689 0.178432 0.158971 0.147726 0.143559  0.14363 0.141934   0.1816 0.179579 0.179813 0.180406 0.180668 0.145573 0.144666 0.143561 0.144173
0.182273 0.180208 0.177864 0.178568 0.154909 0.137694 0.136304 0.138321 0.180292 0.181152 0.180697 0.142611 0.136809 0.135296 0.136316 0.138128  0.18099 0.179822 0.180051 0.179553 0.169981 0.153089 0.140536  0.13756 0.131991 0.136691 0.178447 0.179533 0.179315 0.179312 0.157363 0.141166 0.138751 0.137619 0.135819 0.179429 0.178866 0.179568   0.1778 0.165122 0.152037 0.140436 0.140297 0.137404 0.179864 0.180287 0.177982 0.178558 0.176889 0.143565 0.140946 0.141802 0.138189 0.181033 0.179825  0.17877 0.177504 0.157518 0.146039  0.14177 0.141772 0.140015 0.180682  0.17866 0.178891 0.179471 0.179703 0.143848 0.142844 0.141689 0.142266
0.182639 0.180575 0.178234 0.178948 0.155826 0.138809 0.136583 0.136972 0.180657  0.18152 0.181071 0.143809 0.138206 0.136794 0.134542 0.134719 0.181352 0.180184 0.180416 0.179926  0.17047 0.153837 0.141825 0.139396 0.136691 0.128529 0.178807 0.179891 0.179677 0.179679 0.157893 0.142062 0.139658 0.134762  0.13175 0.179787 0.179221 0.179922 0.178156 0.165477 0.152113 0.140252 0.139502 0.135731 0.180217 0.180638 0.178331 0.178896 0.177193 0.143165 0.140271 0.140752 0.136737 0.181383 0.180174 0.179117 0.177842 0.157267 0.145522 0.141099 0.140932 0.138986 0.181031 0.179007 0.179234 0.179799 0.179997 0.143273 0.142082 0.140794 0.141267
0.144792 0.142941  0.14222  0.14538 0.178084 0.179348 0.179168 0.181344 0.142256 0.144928 0.146378 0.179531 0.177521 0.178079 0.179322 0.180909 0.140752 0.140395 0.144441 0.146316 0.160934 0.176423 0.179336 0.179355 0.178447 0.178807 0.136173 0.142116 0.144365 0.147122 0.173318 0.180445 0.179863 0.178619 0.176832  0.13936 0.141399 0.144069 0.144292 0.170577 0.176653 0.179239 0.179563 0.177237 0.143519 0.145038 0.144029 0.147941 0.154246 0.180685 0.179355 0.180671 0.177503 0.145422   0.1448 0.144692 0.145909 0.181156 0.181007 0.179425 0.179978 0.178577 0.145687 0.144348  0.14555 0.149138 0.154488 0.179695 0.180607 0.179903  0.18072
0.147704 0.145746  0.14447 0.147221 0.179229 0.180437 0.180255  0.18243 0.145443  0.14717 0.148171 0.180628 0.178611 0.179167 0.180408 0.181995  0.14524 0.144031  0.14587 0.147676 0.162145 0.177538 0.180426 0.180443 0.179533 0.179891 0.142116  0.14086 0.145284 0.148176 0.174416 0.181531 0.180947 0.179701 0.177915 0.142974 0.142616 0.144455 0.145006 0.171629 0.177714  0.18032 0.180644 0.178318 0.144946 0.146017 0.144804 0.148748 0.155122 0.181763 0.180434  0.18175 0.178583 0.146723 0.145929 0.145642 0.146754 0.182199 0.182078 0.180503 0.181057 0.179656 0.146846 0.145383 0.146479 0.150003 0.155365 0.180769 0.181684 0.180982 0.181799
0.148498 0.146459  0.14459 0.146755 0.178881  0.18021 0.180034 0.182211 0.146446 0.147418 0.147658 0.180382 0.178382 0.178944  0.18019 0.181777 0.146965 0.145702  0.14529 0.146115 0.161534 0.177235 0.180196 0.180221 0.179315 0.179677 0.144365 0.145284 0.140698 0.146516 0.174125 0.181313 0.180734 0.179491 0.177704 0.145487 0.145298  0.14627  0.14446 0.171417 0.177549 0.180114 0.180439 0.178112 0.147029 0.147797 0.146052 0.149339  0.15547 0.181566 0.180233 0.181548  0.17838 0.148589 0.147642  0.14708 0.147707 0.182108 0.181901 0.180307 0.180858 0.179456 0.148551  0.14691 0.147776 0.150956 0.156113 0.180586 0.181488 0.180783 0.181599
0.150807 0.148738 0.146471  0.14783 0.178752 0.180198 0.180028 0.182208 0.148837 0.149596  0.14911 0.180347 0.178367 0.178936 0.180187 0.181776 0.149597 0.148388 0.148027 0.146589 0.160941 0.177119 0.180178 0.180213 0.179312 0.179679 0.147122 0.148176 0.146516 0.138942 0.173988  0.18131 0.180738 0.179499 0.177712 0.148227 0.147933 0.148757 0.145688 0.171341 0.177602 0.180126 0.180453 0.178124 0.149445 0.150089  0.14811  0.15071  0.15632  0.18159 0.180251 0.181565 0.178395 0.150897 0.149872 0.149168 0.149433 0.182274  0.18195 0.180332 0.180879 0.179476 0.150773 0.149033 0.149759 0.152637 0.157506 0.180629 0.181513 0.180805  0.18162
0.177081 0.175013 0.172633 0.173277  0.16062 0.158122  0.15804 0.160285  0.17511 0.175941 0.175434 0.157923 0.156175 0.156891  0.15828 0.159898 0.175839  0.17467 0.174845 0.174254 0.161778  0.14972 0.157547 0.158083 0.157363 0.157893 0.173318 0.174416 0.174125 0.173988 0.119529 0.159042 0.158908  0.15784 0.156053 0.174317 0.173787 0.174504 0.172654 0.153722 0.157717 0.158501  0.15896 0.156613 0.174837 0.175282 0.173005 0.173695 0.172534 0.160451 0.158937 0.160223 0.156992 0.176035 0.174846 0.173826 0.172724 0.167616 0.161994 0.159299 0.159705 0.158229 0.175708 0.173715    0.174 0.174884 0.175865 0.160371 0.160487 0.159647 0.160404
0.184274 0.182209 0.179866 0.180575 0.157629 0.142873 0.142297 0.144443 0.182292 0.183154 0.182701 0.145914 0.141087 0.141062 0.142424 0.144049 0.182989 0.181821 0.182051 0.181555 0.171991 0.155002 0.142484 0.141276 0.141166 0.142062 0.180445 0.181531 0.181313  0.18131 0.159042 0.135775  0.14204 0.142044 0.140285 0.181426 0.180863 0.181564 0.179795   0.1669 0.153722 0.142407 0.143354 0.140997 0.181861 0.182283 0.179977 0.180549 0.178868 0.145808 0.143672 0.144871 0.141547 0.183029 0.181821 0.180765 0.179498 0.159726 0.148495 0.144421 0.144607 0.143018 0.182678 0.180655 0.180885 0.181464 0.181698 0.146378 0.145588 0.144566 0.145236
0.183698 0.181634 0.179295 0.180013 0.157275 0.141502 0.140467 0.142373 0.181715  0.18258 0.182132 0.145471 0.140144 0.139465   0.1403  0.14186 0.182409 0.181241 0.181475 0.180987  0.17157 0.154985 0.142949 0.140318 0.138751 0.139658 0.179863 0.180947 0.180734 0.180738 0.158908  0.14204 0.135679 0.139349 0.137673 0.180843 0.180276 0.180975  0.17921  0.16646 0.152938  0.14047 0.140739 0.138358  0.18127 0.181691 0.179382 0.179943 0.178226 0.143934 0.141362 0.142422 0.139022 0.182436 0.181227 0.180168  0.17889 0.158226 0.146518 0.142226 0.142298 0.140634 0.182083 0.180058 0.180285 0.180845 0.181033  0.14432 0.143347 0.142247 0.142873
0.182457 0.180393 0.178057  0.17878 0.156272 0.140124 0.138443  0.13962 0.180474 0.181341 0.180896 0.144558  0.13919 0.138105 0.137354 0.138427 0.181166 0.179998 0.180234 0.179751 0.170411 0.154016 0.142369 0.140069 0.137619 0.134762 0.178619 0.179701 0.179491 0.179499  0.15784 0.142044 0.139349 0.130318 0.131466 0.179597 0.179029 0.179727 0.177964  0.16526 0.151603   0.1394 0.138269 0.134111 0.180021 0.180441 0.178131 0.178686 0.176947 0.142221 0.139149 0.139443 0.135253 0.181186 0.179976 0.178915 0.177631 0.156501 0.144526 0.139996 0.139739 0.137701 0.180832 0.178805  0.17903  0.17958 0.179744 0.142238 0.140933 0.139576 0.139998
 0.18067 0.178606  0.17627 0.176992 0.154448 0.138214  0.13645 0.137465 0.178687 0.179554 0.179109 0.142713 0.137326 0.136206 0.135172 0.136022 0.179379 0.178211 0.178447 0.177964 0.168619 0.152215 0.140552 0.138256 0.135819  0.13175 0.176832 0.177915 0.177704 0.177712 0.156053 0.140285 0.137673 0.131466 0.124377 0.177811 0.177243 0.177941 0.176177 0.163479 0.149842 0.137706 0.136546 0.132058 0.178235 0.178654 0.176344   0.1769 0.175163 0.140481 0.137379 0.137567 0.133219   0.1794 0.178189 0.177129 0.175845  0.15473 0.142754 0.138207 0.137909 0.135813 0.179046 0.177019 0.177244 0.177794 0.177959 0.140459 0.139118 0.137726 0.138117
0.146676 0.144782  0.14384 0.146832 0.179115 0.180332  0.18015 0.182326 0.144251 0.146548 0.147819 0.180522 0.178506 0.179062 0.180304  0.18189  0.14329  0.14254 0.145767 0.147581 0.162034 0.177432 0.180321 0.180338 0.179429 0.179787  0.13936 0.142974 0.145487 0.148227 0.174317 0.181426 0.180843 0.179597 0.177811 0.136151 0.141736 0.144778 0.145227 0.171543 0.177615 0.180216  0.18054 0.178214 0.143622 0.145479 0.144655 0.148686 0.155048 0.181659  0.18033 0.181647 0.178479 0.145627 0.145147 0.145193 0.146563 0.182096 0.181975 0.180399 0.180953 0.179553 0.146012 0.144783  0.14609 0.149788 0.155192 0.180665 0.181581 0.180878 0.181695
0.147476 0.145534 0.144319 0.147074 0.178641 0.179774 0.179589 0.181763 0.145174 0.147046 0.148064 0.179977  0.17795 0.178502 0.179741 0.181327 0.144761 0.143701 0.145916 0.147572 0.161694  0.17692 0.179765 0.179777 0.178866 0.179221 0.141399 0.142616 0.145298 0.147933 0.173787 0.180863 0.180276 0.179029 0.177243 0.141736 0.136977 0.143417 0.144614 0.170953 0.177015 0.179645 0.179969 0.177643 0.142127 0.143603 0.143335 0.147671 0.154147 0.181083 0.179756 0.181073 0.177907 0.144308 0.143657 0.143753 0.145385 0.181457 0.181387 0.179822 0.180378 0.178978 0.144608 0.143365 0.144747 0.148609 0.154111  0.18008 0.181004 0.180303 0.181121
0.149387  0.14741 0.145971 0.148497 0.179414 0.180481 0.180293 0.182465 0.147174 0.148734 0.149504 0.180693 0.178657 0.179206 0.180443 0.182028 0.147117 0.145943 0.147329 0.148746 0.162558 0.177658 0.180472 0.180481 0.179568 0.179922 0.144069 0.144455  0.14627 0.148757 0.174504 0.181564 0.180975 0.179727 0.177941 0.144778 0.143417 0.140241 0.144962 0.171613 0.177687 0.180341 0.180665  0.17834 0.144927 0.144933 0.143355 0.147966  0.15457 0.181775  0.18045 0.181768 0.178603 0.146387  0.14526 0.144642 0.145807 0.182107 0.182072 0.180514 0.181071 0.179672 0.146246 0.144565  0.14552 0.149091 0.154585 0.180767 0.181696 0.180996 0.181815
0.148869 0.146852 0.145095 0.147225 0.177602 0.178709 0.178523 0.180697 0.146761 0.147964   0.1483 0.178911 0.176884 0.177436 0.178675 0.180261 0.147067 0.145853 0.146332 0.146992 0.160572 0.175838 0.178697 0.178711   0.1778 0.178156 0.144292 0.145006  0.14446 0.145688 0.172654 0.179795  0.17921 0.177964 0.176177 0.145227 0.144614 0.144962 0.138329 0.169742  0.17593 0.178579 0.178904 0.176578 0.145931 0.146368 0.144093 0.146721 0.153077 0.180019 0.178692 0.180009 0.176843 0.147279 0.146163 0.145321 0.145486 0.180426 0.180329  0.17876 0.179314 0.177915 0.147069 0.145244 0.145884 0.148793 0.153931 0.179022 0.179941 0.179239 0.180057
0.174509 0.172451 0.170182 0.171088 0.169324 0.166151 0.165894 0.168045 0.172511 0.173416  0.17305 0.166631 0.164322 0.164807 0.166018 0.167599 0.173155 0.171983  0.17225 0.171828 0.164008 0.163352 0.165936 0.166016 0.165122 0.165477 0.170577 0.171629 0.171417 0.171341 0.153722   0.1669  0.16646  0.16526 0.163479 0.171543 0.170953 0.171613 0.169742 0.120735 0.160723 0.165761 0.166169 0.163874 0.171937 0.172341 0.170002   0.1704 0.168301 0.167283 0.165994  0.16733 0.164162 0.173099 0.171884 0.170818 0.169565 0.170407 0.168116 0.166164 0.166681 0.165267 0.172743 0.170716 0.170949 0.171683 0.172539  0.16675 0.167359 0.166616 0.167419
0.180575 0.178516 0.176234 0.177084 0.163287 0.153653 0.153025 0.154996 0.178579 0.179482 0.179107 0.155566 0.152012 0.152039 0.152929 0.154444 0.179229  0.17806 0.178343 0.177945 0.170173 0.158542 0.153799 0.153198 0.152037 0.152113 0.176653 0.177714 0.177549 0.177602 0.157717 0.153722 0.152938 0.151603 0.149842 0.177615 0.177015 0.177687  0.17593 0.160723  0.11897 0.151634 0.152124 0.149976 0.177969 0.178367 0.176027 0.176437 0.174169 0.152583 0.151796 0.153254 0.150179 0.179113 0.177889 0.176802 0.175422 0.157515 0.153678  0.15192 0.152514 0.151161 0.178743 0.176696 0.176889 0.177316 0.177288 0.152555 0.153158 0.152464   0.1533
0.183084 0.181021 0.178689 0.179422 0.157698  0.14281 0.141732 0.143497   0.1811  0.18197 0.181531 0.146431 0.141458 0.140882  0.14138  0.14282 0.181789  0.18062 0.180861 0.180385 0.171162 0.155004 0.143918 0.142034 0.140436 0.140252 0.179239  0.18032 0.180114 0.180126 0.158501 0.142407  0.14047   0.1394 0.137706 0.180216 0.179645 0.180341 0.178579 0.165761 0.151634 0.136226 0.139632 0.137725 0.180634 0.181051 0.178739 0.179283 0.177506 0.141838 0.139747 0.141227  0.13812 0.181796 0.180585 0.179522 0.178229 0.156731 0.144776 0.140565 0.140836 0.139357 0.181441 0.179413 0.179634  0.18017 0.180305 0.142607 0.141794 0.140834  0.14156
 0.18341 0.181347 0.179016 0.179751    0.158 0.142792  0.14154 0.143141 0.181426 0.182296 0.181858 0.146663  0.14157 0.140827 0.140986 0.142337 0.182114 0.180945 0.181187 0.180712 0.171522 0.155432  0.14429 0.142235 0.140297 0.139502 0.179563 0.180644 0.180439 0.180453  0.15896 0.143354 0.140739 0.138269 0.136546  0.18054 0.179969 0.180665 0.178904 0.166169 0.152124 0.139632 0.135573 0.135927 0.180956 0.181374 0.179061 0.179603  0.17782 0.142136 0.138689 0.139473 0.136535 0.182119 0.180907 0.179844 0.178547 0.156728 0.144479 0.139854 0.139709 0.138013 0.181763 0.179734 0.179954 0.180485 0.180607 0.142166 0.140899 0.139693 0.140295
0.181081 0.179018 0.176686 0.177417 0.155442   0.1399 0.138484 0.139916 0.179097 0.179967 0.179527 0.143982 0.138789 0.137916 0.137718 0.138949 0.179786 0.178618 0.178858 0.178381 0.169155 0.152991 0.141685 0.139542 0.137404 0.135731 0.177237 0.178318 0.178112 0.178124 0.156613 0.140997 0.138358 0.134111 0.132058 0.178214 0.177643  0.17834 0.176578 0.163874 0.149976 0.137725 0.135927 0.128245 0.178632  0.17905 0.176737 0.177283 0.175511 0.140189 0.136734 0.136149 0.131609 0.179795 0.178583 0.177521 0.176227 0.154523 0.142271 0.137531 0.136962 0.134618 0.179439 0.177411 0.177633 0.178167 0.178298 0.139902 0.138298 0.136718 0.136977
0.149449 0.147498 0.146211 0.148861 0.179751  0.18078 0.180591 0.182762  0.14717 0.148966 0.149882 0.180999 0.178957 0.179504 0.180739 0.182325 0.146832 0.145778 0.147791 0.149286 0.162989 0.177986 0.180773 0.180779 0.179864 0.180217 0.143519 0.144946 0.147029 0.149445 0.174837 0.181861  0.18127 0.180021 0.178235 0.143622 0.142127 0.144927 0.145931 0.171937 0.177969 0.180634 0.180956 0.178632 0.136192 0.143054 0.143509 0.148142 0.154731 0.182064 0.180741 0.182059 0.178894 0.141132 0.141394 0.142923 0.145406 0.182352 0.182353 0.180803  0.18136 0.179962 0.142279 0.141892 0.144072 0.148569 0.154285  0.18105 0.181984 0.181285 0.182104
0.150612 0.148645 0.147253 0.149793 0.180235 0.181207 0.181015 0.183185 0.148374 0.150027 0.150827 0.181434 0.179385 0.179929 0.181162 0.182747 0.148202 0.147088 0.148736 0.150109 0.163565 0.178444 0.181201 0.181204 0.180287 0.180638 0.145038 0.146017 0.147797 0.150089 0.175282 0.182283 0.181691 0.180441 0.178654 0.145479 0.143603 0.144933 0.146368 0.172341 0.178367 0.181051 0.181374  0.17905 0.143054 0.139861 0.143009 0.148226 0.154918 0.182477 0.181156 0.182475 0.179311 0.144384 0.142817 0.142754 0.145402 0.182723 0.182759 0.181216 0.181775 0.180378  0.14414 0.142651 0.144199 0.148596 0.154368 0.181458 0.182398   0.1817  0.18252
0.149273  0.14729 0.145785 0.148191 0.178013 0.178906 0.178711  0.18088 0.147076 0.148587 0.149251 0.179145 0.177086 0.177627 0.178857 0.180441 0.147061 0.145907 0.147195 0.148387  0.16147 0.176185 0.178902   0.1789 0.177982 0.178331 0.144029 0.144804 0.146052  0.14811 0.173005 0.179977 0.179382 0.178131 0.176344 0.144655 0.143335 0.143355 0.144093 0.170002 0.176027 0.178739 0.179061 0.176737 0.143509 0.143009 0.137596 0.145346 0.152258  0.18016 0.178841 0.180161 0.176997 0.144391 0.142869 0.141307 0.142563 0.180349 0.180431 0.178899 0.179459 0.178062 0.143828 0.141669   0.1422 0.145893 0.151682 0.179133  0.18008 0.179384 0.180204
0.152843 0.150843 0.149177 0.151336 0.178943 0.179502 0.179294 0.181457 0.150695 0.152049 0.152494  0.17979 0.177688 0.178213 0.179432 0.181014 0.150849 0.149676 0.150618 0.151433 0.162992 0.176959 0.179504 0.179484 0.178558 0.178896 0.147941 0.148748 0.149339  0.15071 0.173695 0.180549 0.179943 0.178686   0.1769 0.148686 0.147671 0.147966 0.146721   0.1704 0.176437 0.179283 0.179603 0.177283 0.148142 0.148226 0.145346 0.136511 0.150109 0.180682 0.179375 0.180698 0.177538 0.149032 0.147618 0.146183 0.143566 0.180646 0.180915 0.179422 0.179988 0.178596 0.148457 0.146178 0.146057 0.147147 0.151919 0.179629 0.180604 0.179913 0.180736
0.158895 0.156879 0.155058 0.156908 0.178465 0.177906 0.177652 0.179792 0.156786  0.15802 0.158252  0.17836 0.176111 0.176582 0.177762 0.179337 0.157067 0.155895 0.156648 0.157112 0.164768 0.176003  0.17793 0.177845 0.176889 0.177193 0.154246 0.155122  0.15547  0.15632 0.172534 0.178868 0.178226 0.176947 0.175163 0.155048 0.154147  0.15457 0.153077 0.168301 0.174169 0.177506  0.17782 0.175511 0.154731 0.154918 0.152258 0.150109 0.127585 0.178828 0.177561 0.178895 0.175748 0.155673 0.154306 0.152959 0.150545 0.177996 0.178926 0.177571  0.17816 0.176779 0.155139 0.152899 0.152788 0.152492 0.153633 0.177684 0.178755 0.178083 0.178915
0.184545 0.182482 0.180159 0.180912 0.160211 0.145868 0.144788 0.146516 0.182559 0.183434 0.183007 0.149349 0.144521 0.143971 0.144391 0.145807  0.18324 0.182072 0.182321  0.18186 0.172905 0.157338 0.146954 0.145215 0.143565 0.143165 0.180685 0.181763 0.181566  0.18159 0.160451 0.145808 0.143934 0.142221 0.140481 0.181659 0.181083 0.181775 0.180019 0.167283 0.152583 0.141838 0.142136 0.140189 0.182064 0.182477  0.18016 0.180682 0.178828 0.136094 0.141419  0.14311 0.140205 0.183222 0.182008  0.18094 0.179625 0.156654 0.144141 0.141317 0.142144 0.140928 0.182863 0.180831 0.181045 0.181545 0.181602 0.142464   0.1427 0.142123 0.143037
0.183207 0.181144 0.178817 0.179559 0.158239 0.143361 0.142172 0.143819 0.181222 0.182094 0.181661 0.147085 0.142092 0.141422 0.141674 0.143047 0.181907 0.180738 0.180983 0.180515 0.171431 0.155564 0.144702 0.142768 0.140946 0.140271 0.179355 0.180434 0.180233 0.180251 0.158937 0.143672 0.141362 0.139149 0.137379  0.18033 0.179756  0.18045 0.178692 0.165994 0.151796 0.139747 0.138689 0.136734 0.180741 0.181156 0.178841 0.179375 0.177561 0.141419 0.135065 0.138921 0.136494 0.181901 0.180688 0.179623 0.178317 0.155879 0.143254  0.13812 0.138087 0.137024 0.181544 0.179513 0.179731 0.180247 0.180335 0.140815 0.139356 0.138355 0.139214
0.184521 0.182458 0.180129 0.180869  0.15936 0.144248 0.142974 0.144541 0.182536 0.183408 0.182973 0.148106  0.14304 0.142293 0.142376 0.143694 0.183222 0.182054 0.182298 0.181827  0.17271  0.15677 0.145761 0.143747 0.141802 0.140752 0.180671  0.18175 0.181548 0.181565 0.160223 0.144871 0.142422 0.139443 0.137567 0.181647 0.181073 0.181768 0.180009  0.16733 0.153254 0.141227 0.139473 0.136149 0.182059 0.182475 0.180161 0.180698 0.178895  0.14311 0.138921 0.134985 0.135216  0.18322 0.182007 0.180943  0.17964 0.157331 0.144736 0.139629 0.138367 0.136113 0.182863 0.180833 0.181052 0.181572 0.181669 0.142235  0.14012 0.138332 0.138705
0.181351 0.179288 0.176958 0.177694 0.155979 0.140651 0.139294 0.140779 0.179367 0.180237 0.179801 0.144628 0.139498 0.138681 0.138593 0.139855 0.180054 0.178885 0.179128 0.178655 0.169493 0.153461 0.142316 0.140239 0.138189 0.136737 0.177503 0.178583  0.17838 0.178395 0.156992 0.141547 0.139022 0.135253 0.133219 0.178479 0.177907 0.178603 0.176843 0.164162 0.150179  0.13812 0.136535 0.131609 0.178894 0.179311 0.176997 0.177538 0.175748 0.140205 0.136494 0.135216 0.125365 0.180056 0.178844  0.17778 0.176481 0.154398 0.141917 0.136937 0.135854 0.132279 0.179699  0.17767  0.17789 0.178416 0.178526 0.139443 0.137316 0.135107 0.134673
0.151192 0.149233 0.147892 0.150477 0.180981 0.181953 0.181761 0.183931 0.148932  0.15066 0.151512  0.18218 0.180131 0.180675 0.181908 0.183493 0.148671 0.147595 0.149438  0.15085 0.164323 0.179193 0.181947 0.181949 0.181033 0.181383 0.145422 0.146723 0.148589 0.150897 0.176035 0.183029 0.182436 0.181186   0.1794 0.145627 0.144308 0.146387 0.147279 0.173099 0.179113 0.181796 0.182119 0.179795 0.141132 0.144384 0.144391 0.149032 0.155673 0.183222 0.181901  0.18322 0.180056  0.13386 0.140673 0.143105 0.146021 0.183462 0.183503 0.181961  0.18252 0.181123 0.139206 0.141081 0.144157 0.149133 0.154978 0.182202 0.183143 0.182445 0.183264
0.150415 0.148449 0.147059 0.149591 0.179816 0.180747 0.180554 0.182723 0.148173 0.149839 0.150635 0.180981 0.178926 0.179469   0.1807 0.182285 0.147985 0.146885 0.148569 0.149916 0.163227  0.17801 0.180743 0.180743 0.179825 0.180174   0.1448 0.145929 0.147642 0.149872 0.174846 0.181821 0.181227 0.179976 0.178189 0.145147 0.143657  0.14526 0.146163 0.171884 0.177889 0.180585 0.180907 0.178583 0.141394 0.142817 0.142869 0.147618 0.154306 0.182008 0.180688 0.182007 0.178844 0.140673 0.136876  0.14112 0.144454 0.182215 0.182282 0.180746 0.181306 0.179909 0.139911 0.139354 0.142407 0.147551 0.153471 0.180983 0.181928 0.181231 0.182051
0.150093 0.148118 0.146657 0.149103 0.178839 0.179697   0.1795 0.181668 0.147878 0.149454 0.150166 0.179942 0.177877 0.178416 0.179645 0.181229  0.14779 0.146661 0.148121  0.14936 0.162377 0.177002 0.179694 0.179689  0.17877 0.179117 0.144692 0.145642  0.14708 0.149168 0.173826 0.180765 0.180168 0.178915 0.177129 0.145193 0.143753 0.144642 0.145321 0.170818 0.176802 0.179522 0.179844 0.177521 0.142923 0.142754 0.141307 0.146183 0.152959  0.18094 0.179623 0.180943  0.17778 0.143105  0.14112 0.137462 0.142704 0.181088 0.181204 0.179678  0.18024 0.178844 0.142076 0.139421 0.140548 0.145797 0.151851 0.179908  0.18086 0.180164 0.180985
0.151013 0.149022 0.147441 0.149718 0.177869  0.17845 0.178241 0.180403 0.148837 0.150281 0.150839 0.178739 0.176636  0.17716 0.178378  0.17996 0.148893 0.147736 0.148888 0.149893 0.161926 0.175928 0.178455 0.178432 0.177504 0.177842 0.145909 0.146754 0.147707 0.149433 0.172724 0.179498  0.17889 0.177631 0.175845 0.146563 0.145385 0.145807 0.145486 0.169565 0.175422 0.178229 0.178547 0.176227 0.145406 0.145402 0.142563 0.143566 0.150545 0.179625 0.178317  0.17964 0.176481 0.146021 0.144454 0.142704 0.136175 0.179527 0.179845 0.178361 0.178929 0.177537 0.145225 0.142655 0.141952 0.141926  0.14821  0.17856 0.179544 0.178854 0.179677
0.185162 0.183109 0.180879 0.181835 0.170185 0.159439 0.158592 0.160431 0.183153 0.184096 0.183789 0.162032 0.157961 0.157709 0.158332 0.159786  0.18376 0.182592 0.182936 0.182641 0.176627 0.166906 0.160176 0.158971 0.157518 0.157267 0.181156 0.182199 0.182108 0.182274 0.167616 0.159726 0.158226 0.156501  0.15473 0.182096 0.181457 0.182107 0.180426 0.170407 0.157515 0.156731 0.156728 0.154523 0.182352 0.182723 0.180349 0.180646 0.177996 0.156654 0.155879 0.157331 0.154398 0.183462 0.182215 0.181088 0.179527  0.11925 0.152291 0.154986 0.156043 0.154907 0.183064 0.180983 0.181114 0.181195 0.180253 0.152708 0.156164 0.155918 0.156943
0.184892 0.182831 0.180525 0.181313 0.162154 0.148308 0.147225 0.148937 0.182902 0.183789 0.183383 0.151714  0.14697 0.146428 0.146808 0.148209  0.18357 0.182402 0.182668 0.182236 0.173803 0.159271 0.149436 0.147726 0.146039 0.145522 0.181007 0.182078 0.181901  0.18195 0.161994 0.148495 0.146518 0.144526 0.142754 0.181975 0.181387 0.182072 0.180329 0.168116 0.153678 0.144776 0.144479 0.142271 0.182353 0.182759 0.180431 0.180915 0.178926 0.144141 0.143254 0.144736 0.141917 0.183503 0.182282 0.181204 0.179845 0.152291 0.130911 0.141679 0.143079 0.142098 0.183136 0.181095 0.181295 0.181719 0.181594 0.138369 0.142883 0.142917 0.144067
0.183285 0.181222 0.178899 0.179651 0.158792 0.144144 0.142977 0.144636 0.181298 0.182174 0.181747 0.147795 0.142861  0.14222 0.142493 0.143868  0.18198 0.180811 0.181061   0.1806 0.171653 0.156065 0.145435 0.143559  0.14177 0.141099 0.179425 0.180503 0.180307 0.180332 0.159299 0.144421 0.142226 0.139996 0.138207 0.180399 0.179822 0.180514  0.17876 0.166164  0.15192 0.140565 0.139854 0.137531 0.180803 0.181216 0.178899 0.179422 0.177571 0.141317  0.13812 0.139629 0.136937 0.181961 0.180746 0.179678 0.178361 0.154986 0.141679 0.134422 0.137463 0.136785 0.181602 0.179569 0.179783 0.180279  0.18032 0.138906  0.13751 0.137502 0.138734
0.183833  0.18177 0.179445 0.180192 0.159036 0.144178 0.142963 0.144581 0.181848 0.182722 0.182291 0.147922 0.142928  0.14224 0.142429 0.143778 0.182531 0.181363  0.18161 0.181144  0.17212 0.156371 0.145568  0.14363 0.141772 0.140932 0.179978 0.181057 0.180858 0.180879 0.159705 0.144607 0.142298 0.139739 0.137909 0.180953 0.180378 0.181071 0.179314 0.166681 0.152514 0.140836 0.139709 0.136962  0.18136 0.181775 0.179459 0.179988  0.17816 0.142144 0.138087 0.138367 0.135854  0.18252 0.181306  0.18024 0.178929 0.156043 0.143079 0.137463 0.134199 0.134937 0.182162  0.18013 0.180346 0.180853  0.18092 0.140386 0.137393 0.135799 0.137023
 0.18243 0.180367  0.17804 0.178784 0.157449  0.14244  0.14118 0.142757 0.180445 0.181318 0.180885 0.146259 0.141221 0.140492 0.140595 0.141917  0.18113 0.179961 0.180207 0.179739 0.170671 0.154832 0.143917 0.141934 0.140015 0.138986 0.178577 0.179656 0.179456 0.179476 0.158229 0.143018 0.140634 0.137701 0.135813 0.179553 0.178978 0.179672 0.177915 0.165267 0.151161 0.139357 0.138013 0.134618 0.179962 0.180378 0.178062 0.178596 0.176779 0.140928 0.137024 0.136113 0.132279 0.181123 0.179909 0.178844 0.177537 0.154907 0.142098 0.136785 0.134937 0.128043 0.180765 0.178734 0.178951 0.179464 0.179545 0.139465 0.136527 0.133241 0.132567
